396.909496252727	79.2234523458538	2.67244680578229	97.2925451136274	26.8052216378663	95.0306969948319	0.145046341688851	98.6715755052233
396.466682623265	79.1350663918692	2.67011727648306	97.2077367522603	26.8727169489921	95.2699834497931	0.145557595176489	99.0193690898143
395.424659457941	78.927077736116	2.66049480752605	96.8574231396269	26.7367535744323	94.7879619084402	0.145836145428484	99.2088601993565
399.005208064766	79.6417580967596	2.68937142088987	97.9086991471979	27.1987447698745	96.4258273177053	0.144493033741588	98.295173272252
395.217672514076	78.8857629768614	2.65888066710477	96.7986590776379	26.8367042594836	95.1423101542358	0.145571976324948	99.0291522429744
395.948937756243	79.0317241030425	2.66236998898544	96.925690607604	26.6132936138522	94.350267855267	0.14569089825496	99.1100520027317
396.57087975413	79.1558642223812	2.66811477928679	97.1348342539257	26.7709142586452	94.9090694178064	0.145442847744044	98.9413091414371
397.544259463609	79.3501515895427	2.67741237868596	97.4733207326969	26.7626719427172	94.8798485056247	0.144964037823048	98.6155861433791
396.305579156046	79.1029100111869	2.66811333037067	97.1347815049853	26.8579085950724	95.2174844175765	0.145501023894975	98.9808849928671
396.196558013375	79.0811493040669	2.66551698971577	97.0402596646442	26.793135522277	94.9878489257532	0.14583576719206	99.208602894116
398.748047166526	79.5904285761528	2.68602081848811	97.7867178098607	26.9790923981116	95.6471089669601	0.144830836935845	98.52497274875
395.52075947005	78.9462593752596	2.66133709006238	96.88808710326	26.6999254009698	94.657397534063	0.1458340490496	99.2074340826761
396.918748495788	79.2252991009557	2.6735301617041	97.3319855450213	26.8528154971038	95.1994282098585	0.145727498212606	99.1349500831819
395.865731741183	79.0151161160046	2.66335751887687	96.9616424163751	26.6823789357393	94.5951912653301	0.145792561546084	99.179211121049
394.196109993293	78.6818582820944	2.64659307069747	96.3513193868316	26.5890770763518	94.2644146409734	0.145903491723779	99.2546742818342
395.218290420381	78.8858863114533	2.65771079004862	96.7560687757407	26.6264708565174	94.3969842216474	0.146174879570967	99.439292977785
396.445494220901	79.1308371698404	2.67006600589424	97.2058702058188	26.8513218989861	95.1941330598286	0.145476874638375	98.9644568281287
396.370685177315	79.115905225013	2.66803701164085	97.1320030611084	26.7705473011096	94.907768468654	0.145698894697505	99.1154917923549
393.964944158837	78.6357173969735	2.64858079729945	96.4236841499686	26.6155996393147	94.3584432477316	0.145830228086524	99.2048347723986
392.264661984197	78.2963397174045	2.63177174828009	95.8117373914794	26.5825437317784	94.2412524266518	0.146470447794506	99.6403610085008
395.557885437977	78.9536697480991	2.6617345333453	96.9025563411324	26.6247673985858	94.3909450701445	0.145732853661593	99.1385932677185
395.108767273726	78.8640254039372	2.6573007631082	96.741141419839	26.6127958579882	94.3485031958536	0.145485677872906	98.9704454591457
395.085633209758	78.859407826299	2.65730223956582	96.7411951714492	26.6814787498848	94.5919998987249	0.145723681595161	99.1323537291337
396.806878306878	79.2029697219318	2.67351940889782	97.3315940805819	26.9272380952381	95.4632734959903	0.145386642385295	98.9030739730419
396.45125778798	79.1319875824311	2.66921162624959	97.1747658373647	26.651992198384	94.4874632685507	0.145603603424098	99.0506674060969
394.060542797495	78.6547989615758	2.64794732375221	96.4006220431609	26.5878028859243	94.2598973418418	0.146202270316179	99.4579262501093
395.32212160414	78.9066110986307	2.65966325951826	96.8271499750173	26.6768428890544	94.5755647021861	0.145729263399264	99.1361508976704
395.803309251923	79.0026565373099	2.66220470680016	96.9196733785862	26.8186562296151	95.0783257231067	0.145534593754699	99.0037217697887
396.267383512545	79.0952861302485	2.66698722296833	97.0937846720427	26.7942519984774	94.9918070915513	0.145576624147688	99.0323140462096
395.880222578516	79.0180084987057	2.66377889709052	96.9769830243801	26.8298510259533	95.1180138597357	0.145695730135154	99.1133390158748
395.947045890443	79.0313464851184	2.66433684183208	96.9972954451258	26.7292055203282	94.7612023146508	0.145738872557605	99.1426877794821
398.098274678953	79.4607334688529	2.68086677914627	97.5990809206633	27.0366497169721	95.8511629457843	0.145738561119883	99.1424759158087
395.429571663921	78.9280582163515	2.65931570284784	96.8144968988313	26.6509390746679	94.4837297019303	0.145933927421682	99.2753789630327
397.178778010013	79.2772011996034	2.67563879784198	97.4087521156893	27	95.721231240851	0.145276978111208	98.828471976364
396.787850830339	79.1991718224229	2.67014124279802	97.2086092649611	26.939129601227	95.5054316291224	0.145321339647512	98.8586500741221
393.929165548699	78.6285759578241	2.64819797178548	96.4097470835666	26.5756941283569	94.2169690017249	0.146106053693582	99.3924723708121
396.87975507449	79.2175159829322	2.67090296117459	97.2363402264737	26.8390793620476	95.1507304409669	0.144918930988227	98.5849010367712
399.094187017324	79.6595183667314	2.69362055737845	98.0633923304688	27.3106962663976	96.8227212097959	0.144632243452551	98.3898743267316
397.997354901063	79.4405898006114	2.68343512727037	97.6925836707239	27.0753533744774	95.9883763439299	0.145133707215117	98.73100819426
397.42522080471	79.3263913781857	2.67713975113919	97.4633955106735	26.9761858850752	95.6368047074617	0.145404974765534	98.9155450551792
393.695584852239	78.5819530643191	2.64595467308107	96.3280780153813	26.5652095700666	94.1797988228893	0.146290860967067	99.5181923622796
395.469583978237	78.936044706235	2.66159654871888	96.897532901391	26.7591411963248	94.8673311948143	0.145543214829608	99.0095864819488
397.469393790044	79.3352083413262	2.67509889352471	97.3890964708954	26.9701925868576	95.6155570821069	0.144653964323119	98.4046505182255
396.634372571873	79.1685374394955	2.67003924443677	97.2048959337387	26.8640515335064	95.2392625520335	0.144975547047358	98.6234155948654
394.265058534743	78.6956204660166	2.65121990834125	96.5197630801605	26.5457437578328	94.1107880260702	0.145484712437699	98.9697886965425
395.609302541272	78.9639326429686	2.66270997022586	96.9380678942537	26.715587797619	94.7129243448575	0.145437666833769	98.9377846914338
400.940347185692	80.0280134103177	2.70624591346622	98.5230284302736	27.1413806943608	96.2224584311438	0.144052404987953	97.9954240139952
401.235284354946	80.0868831047796	2.71067960223127	98.6844403855126	27.5716828987329	97.7479790536676	0.143757126030274	97.7945527639625
399.993389795497	79.838999959181	2.70012423183557	98.300163756248	27.1475295755045	96.2442576338782	0.144027316766722	97.9783570939567
397.776044238175	79.3964160156038	2.67962885914801	97.554013461503	26.987237745335	95.675986102705	0.145430622059771	98.932992299283
398.939047029703	79.6285523013379	2.6881541020785	97.8643816905821	27.069275304452	95.9668281829521	0.144464262367819	98.2756007911665
399.400381462962	79.7206350225473	2.69521468089478	98.1214276611603	27.2064516129032	96.4531498548791	0.144927899206273	98.5910019021484
399.030158565654	79.6467382366576	2.69314602607044	98.0461166419154	27.2366869817165	96.5603412152429	0.14409159397749	98.022083351246
400.548813795319	79.9498630329979	2.70260528050954	98.3904883006014	27.366782360147	97.021559356062	0.14453625497027	98.3245756458636
401.289562850636	80.0977171358555	2.71178294418386	98.724608424205	27.4803726578038	97.4242631763852	0.144465894732891	98.2767112502894
400.257023150884	79.8916213874019	2.69999257050551	98.2953705211245	27.2818619911822	96.7204970495902	0.144095024352916	98.0244169540377
398.156311711985	79.4723177069831	2.68207997325178	97.6432482140913	27.0166584524396	95.7802892992987	0.144263213946839	98.1388323334449
398.436978590813	79.5283390400825	2.68623199267586	97.7944057736191	27.0085110545881	95.7514048936042	0.144555358343159	98.3375712159584
399.836145342995	79.8076138409171	2.69525784093118	98.1229989365098	27.2935434672089	96.7619105780343	0.144000037463811	97.9597996331787
400.907005479746	80.0213583791909	2.70782291877961	98.5804405592131	27.3289942031933	96.8875916186573	0.144628611929986	98.3874038883267
397.27317331281	79.2960425774071	2.67416970993879	97.3552688056425	26.7227479182438	94.7383086249326	0.145514800611595	98.9902569654272
397.678567871726	79.3769596550351	2.67940215813047	97.5457602311942	27.0072089624939	95.7467886766246	0.145257664989434	98.8153337190927
396.957654567972	79.2330647840263	2.67341986889308	97.327970247778	26.7881898662648	94.9703154337985	0.145881670689108	99.2398299510838
398.738117001828	79.5884465073509	2.68891806583267	97.8921943968471	27.0528756042222	95.9086874608047	0.145302954886548	98.8461433586237
396.861333590659	79.2138390400517	2.67245748599697	97.2929339353118	26.8255173723182	95.1026500574496	0.144874792139702	98.5548744282109
397.053168946253	79.2521295301902	2.67392213323822	97.3462555795393	26.900132400227	95.3671775515421	0.145820176355631	99.1979968190094
395.411912828496	78.9245334987017	2.65940087292589	96.8175975830593	26.7141415068367	94.7077969102495	0.145530122624518	99.0006801662976
398.88287078484	79.617339478012	2.68782193069803	97.8522887280767	26.9773453383677	95.64091523697	0.145116496812853	98.7193003670459
398.952825900298	79.6313025749098	2.68876109970518	97.8864799205075	27.0270429159318	95.8171046189746	0.144769171997885	98.4830235585038
401.878497380448	80.2152689382132	2.71394862617031	98.8034517942253	27.4654411764706	97.3713276290716	0.143771123351175	97.8040748083663
396.361083440065	79.1139887105917	2.66725237960513	97.1034379096647	26.632641509434	94.4188606103413	0.145684939280444	99.1059982541364
399.848050367705	79.8099900933544	2.69742955845755	98.2020620351473	27.2904829545455	96.7510603543166	0.144647178930113	98.4000345767921
399.66546949823	79.773546806034	2.69525426649072	98.1228688061707	27.2239045422641	96.5150245173673	0.144813496449653	98.5131764285349
405.217611399288	80.8817587623329	2.74681559893531	100	28.2069083838499	100	0.142003401641196	96.6015357843034
396.390250801433	79.1198105392082	2.66905601467024	97.1691006744241	26.6855013677955	94.6062610075851	0.145464170993538	98.9558148407738
399.399948146228	79.7205485321812	2.6941242410545	98.0817293340977	27.1755946432141	96.3437547759529	0.145156759143724	98.7466898728713
394.758101904459	78.7940323162593	2.65538144432053	96.6712670974266	26.6268930702157	94.3984810666493	0.146407050979151	99.5972336632657
399.84318968229	79.8090198966647	2.69733510065452	98.1986232239265	27.2591438906752	96.6399561402577	0.144854341079372	98.5409620584126
396.615841584158	79.1648386395526	2.67015115771585	97.2089702254067	26.7924226755664	94.9853217196487	0.144953889975057	98.6086828038146
395.020839911588	78.8464750322532	2.65614771367123	96.6991637407615	26.4881343556042	93.9065493996861	0.145736424144364	99.1410221822031
397.576150483768	79.3565170626283	2.67766772317874	97.482616751435	26.912845811569	95.4122495288357	0.145051714688747	98.6752306292253
398.339995951827	79.5089812279095	2.68430896418019	97.7243963963453	26.997028526149	95.7106966802725	0.144303439695495	98.1661969532591
398.12333090556	79.4657347116886	2.68267237903591	97.6648152164177	26.9879702119534	95.6785828659108	0.144938061796405	98.5979152704404
394.92066243898	78.8264795287385	2.65692429001228	96.727435618253	26.6071428571429	94.3284620032196	0.146260740478824	99.4977021107136
398.759522600305	79.5927190818971	2.6881413602944	97.8639178158284	27.0907571288102	96.0429862080214	0.145397508513844	98.9104659417811
398.42440783214	79.5258299066147	2.68624475361769	97.7948703458254	27.0818599198984	96.0114435490715	0.145072194420269	98.6891625033539
400.867405046758	80.0134541011494	2.7027978869693	98.3975002914987	27.1774500952954	96.3503327817949	0.144062509443322	98.0022978345915
399.381016442451	79.7167697489923	2.69268306664294	98.029262236848	27.1921139314086	96.4023194650346	0.144880983059614	98.5590859637414
398.720368122977	79.5849038169615	2.68891539373948	97.8920971171756	27.165731719319	96.3087884345131	0.144815462073056	98.514513595372
395.412985825332	78.9247476697269	2.66000323254057	96.8395269624803	26.6747198236267	94.5680379452697	0.145771889706186	99.1651485601624
398.476948657228	79.5363170972511	2.68586426936523	97.7810185149049	27.0115879406855	95.7623131649235	0.145326673506107	98.8622785712282
397.849899376626	79.4111575602048	2.67960721059134	97.5532253286307	26.8592750533049	95.2223288273711	0.14463438397972	98.3913304764398
396.29323735556	79.100446577956	2.6659390721046	97.0556259087049	26.7557230334432	94.8552130185328	0.145332844105661	98.8664762833023
397.684307021456	79.3781051939034	2.67829752270162	97.5055451024726	26.9634512845371	95.5916576095776	0.144923356205757	98.5879114069782
392.34785682722	78.3129454744951	2.63582343363171	95.959242209538	26.4895623512177	93.9116119736983	0.145509058389721	98.9863506684972
396.175228338085	79.0768918838494	2.66550708730953	97.0398991596925	26.8969895162066	95.356035302354	0.145172913988326	98.7576796293197
396.476945039258	79.1371147782949	2.66937353748703	97.1806603443529	26.8253188474256	95.1019462408884	0.145215223458555	98.786461755347
394.580796252927	78.7586419666522	2.65281341299001	96.5777758804876	26.5121527777778	93.9917002494236	0.145791771753662	99.1786738440534
392.068958034978	78.2572770528898	2.6351997249179	95.9365355992346	26.5950457727518	94.285575047207	0.146267018049834	99.5019725929245
394.375817587209	78.7177280613192	2.65119768386049	96.5189539803154	26.6279542097489	94.4022430511914	0.145779594983298	99.1703902768683
392.919557522124	78.4270573896455	2.64120557720446	96.1551834141402	26.5890149795733	94.2641944935626	0.145776071695971	99.167993468321
393.517672259907	78.5464415688437	2.64507600190657	96.2960892945206	26.5872753942061	94.2580272619626	0.145910945941563	99.2597452088523
392.696406873807	78.3825163420772	2.63844270650401	96.0545989154387	26.4763058696823	93.8646146872355	0.14610017742913	99.3884748879055
390.932838930089	78.0305067724729	2.62432640067233	95.5406836079401	26.2286113781351	92.9864805501069	0.146558905088206	99.7005364009489
394.73251177963	78.7889245069122	2.65540735937775	96.6722105556345	26.5827497235533	94.2419827150337	0.145930889080666	99.273312051924
392.425025720165	78.3283484471387	2.63609707933097	95.9692044982103	26.42017106201	93.6656038388703	0.145908627118465	99.2581677686646
394.153665559247	78.673386339171	2.65027428079899	96.4853367596378	26.60170413343	94.3091804724725	0.145374485580008	98.894803987623
394.078580593779	78.6583993201156	2.64996658232559	96.4741347527204	26.488872806224	93.9091673775577	0.145628182689179	99.0673880953752
394.440794773114	78.7306975595037	2.65164478630482	96.5352310993364	26.5463232617401	94.1128425011632	0.145697253028617	99.1143750040667
394.671526547668	78.7767518059217	2.65469919888127	96.6464294112156	26.6752767527675	94.5700123876059	0.145495374183876	98.977041628817
395.466900563198	78.9355090944507	2.66007868773935	96.8422739688248	26.7903767251026	94.9780683530762	0.145536092303264	99.0047411967263
393.435230858108	78.5299861992231	2.64661805091893	96.3522288116022	26.6067620523102	94.3271119622032	0.146309034041573	99.5305550725172
390.518569292124	77.9478182219808	2.62198235944523	95.4553469283318	26.3606830122592	93.4547049734532	0.146467744249803	99.6385218513583
391.196561221935	78.083145952482	2.62613903857955	95.6066741283059	26.3363064008395	93.3682842601725	0.146371997926385	99.5733879054037
389.727465103976	77.7899131944064	2.61402406556352	95.1656189289423	26.2317537184365	92.9976208716858	0.146867399504805	99.9103978132808
393.343121622819	78.5116011223191	2.64373347840289	96.247213661799	26.556295620438	94.1481968142349	0.146134176024542	99.4116033235159
393.056193114365	78.4543299629471	2.63987089855241	96.1065933794626	26.6820684053786	94.5940903635351	0.145803994238955	99.1869885100175
391.093049373986	78.0624849049873	2.62510362245082	95.5689789830937	26.4466002447125	93.7593013910544	0.146695827742063	99.7936816248895
391.009368263969	78.0457820886167	2.62358177314045	95.5135748521808	26.1893655904621	92.8473451754004	0.146209613730712	99.4629218003114
394.368539023625	78.7162752542165	2.65143529480519	96.5276043951734	26.58377781865	94.2456275494223	0.145808128394895	99.1898008779493
391.334785551138	78.1107356389497	2.6279250244626	95.6716943605972	26.4900398406375	93.9133047838894	0.146141773217208	99.4167715129444
391.332217750477	78.1102231038875	2.62656711596788	95.6222586250771	26.4029336396572	93.6044931984618	0.146733619395292	99.8193903874937
394.075835824952	78.6578514620664	2.64853548412381	96.4220344878777	26.622662469913	94.3834826122099	0.145499981069179	98.9801755832881
394.101128627732	78.662899925695	2.64876587092514	96.4304219020682	26.6261348005502	94.3957928256866	0.145617363447781	99.0600280228483
393.514151152975	78.5457387530888	2.64396001369171	96.2554608586223	26.5778467719843	94.2246006201858	0.145979151012859	99.3061434962125
394.79424809108	78.801247123968	2.65701904696626	96.7308853203011	26.6961684757399	94.6440783670746	0.145455484754974	98.9499057993303
393.720854149167	78.586996836161	2.64543464007021	96.3091458012548	26.5529539885652	94.1363499580418	0.145966511672479	99.2975452536496
393.059493222291	78.454988667124	2.64123852551312	96.1563829234438	26.5937015061616	94.2808093119059	0.146038315729062	99.3463918450787
392.650477053922	78.3733487133577	2.63804008582251	96.0399411902654	26.4988792253205	93.9446424426034	0.145807502910324	99.1893753756764
391.110254140852	78.0659189901901	2.624979017789	95.5644426515732	26.3992570316646	93.5914587746159	0.14638985772788	99.5855375034641
390.272340247924	77.8986707081684	2.62037545504343	95.3968462993697	26.4310798946444	93.7042781681729	0.146726953672658	99.8148558549678
390.647049030217	77.9734628802829	2.62068119386814	95.4079769637227	26.5141853315766	93.998906121727	0.146311827856661	99.5324556384546
394.16689472724	78.6760268916646	2.65056616286645	96.4959629577549	26.6928737773638	94.6323979009588	0.145584004229273	99.0373345401347
392.287119275595	78.3008222106975	2.63471520879291	95.9188964055014	26.4934423284226	93.9253673883366	0.146106207420512	99.3925769475851
392.220976850455	78.2876201298313	2.63282906652357	95.8502299005468	26.4889386475593	93.9094008002868	0.145961631528276	99.2942254076502
393.126290143965	78.4683213860209	2.64018201502341	96.1179198212932	26.6397119153979	94.4439268312393	0.146090730803631	99.3820485733194
394.174771154276	78.6775990327895	2.65042166575492	96.490702425829	26.5847937203359	94.2492291553554	0.145605178768866	99.051739075664
391.749882824151	78.1935893860581	2.62858916574098	95.6958729504758	26.3276656039674	93.3376506410802	0.146528637857682	99.6799463241003
392.865721908761	78.4163117582357	2.63993823746398	96.1090449059357	26.4423355025307	93.7441818957744	0.14582090642016	99.1984934645395
393.339250319341	78.5108284070541	2.64351085980226	96.239109055115	26.5505973931933	94.1279952835776	0.145654690749516	99.0854208981784
392.66768067446	78.3767825697525	2.63847961737733	96.0559426850508	26.4328786791098	93.7106552742383	0.145813908185634	99.1937327320845
391.863805496829	78.2163284424808	2.6292802061639	95.7210308250409	26.2912407472682	93.2085161177092	0.14652593433639	99.6781071828838
393.385979881444	78.5201556649589	2.64480521356132	96.2862310300872	26.7458421391161	94.8201829677639	0.146060613507278	99.3615604931202
393.60331157738	78.563535244986	2.64367256460932	96.2449960468416	26.5697422959092	94.1958683820942	0.145560538857217	99.0213716057816
394.12079751564	78.6668258514251	2.64919601514042	96.4460816433138	26.6339007871133	94.4233250403392	0.14570470764669	99.1194462033918
392.596726705923	78.3626201009827	2.63733906548049	96.0144199888316	26.419415561133	93.6629254139019	0.146040949750222	99.3481837070086
392.703340936536	78.3839003865341	2.63966671986903	96.0991600925885	26.7178920213746	94.7210933498551	0.146153089495401	99.4244697077771
395.258100147275	78.8938323647256	2.65836536397513	96.7798990585875	26.6647774783982	94.5327900368738	0.145413230975434	98.9211615583538
391.497841178463	78.1432816723478	2.62745427737127	95.654556439453	26.3934093117767	93.5707272580372	0.146374287403904	99.5749453824914
394.316997154343	78.7059874559567	2.65195933230418	96.546682395866	26.6336898395722	94.422577182622	0.145984575096284	99.3098333711242
392.335703512174	78.3105196631086	2.63500387055922	95.9294053660017	26.491873548848	93.9198057026913	0.146216794095204	99.4678064314496
394.052814857806	78.6532564586439	2.64726290806849	96.3757053474794	26.6	94.3031389261718	0.145844180355406	99.2143261689856
391.364152914142	78.1165973880524	2.62586905621202	95.5968452061301	26.2609914170608	93.1012752609807	0.146322698782228	99.5398508704919
394.136804744362	78.6700209070582	2.65093339736307	96.5093324208073	26.5416323165705	94.0962120179292	0.14587367208131	99.2343886884914
391.445226130653	78.1327796667971	2.62719169998485	95.6449971014862	26.2642055419151	93.1126700753666	0.146514861913716	99.670574877159
393.335210276263	78.5100220112301	2.64136899746322	96.1611328582465	26.4619077815019	93.813570141749	0.145931931756703	99.2740213596256
393.224364123159	78.4878970305707	2.64271032092885	96.2099648026316	26.6019246784492	94.3099623554642	0.145879425430641	99.2383025551649
391.596028478298	78.162879935788	2.63042022377351	95.7625340701098	26.4649240995239	93.824263685263	0.14606234510163	99.3627384555625
393.833769043541	78.6095347392297	2.64609888944132	96.3333283263346	26.5277598152425	94.0470307991327	0.146428993173248	99.6121604158911
391.691404072883	78.1819169806154	2.63037232347144	95.7607902216296	26.4825946527902	93.8869098747207	0.145808007196687	99.1897184296916
391.027614671092	78.0494240860463	2.62517508601154	95.5715806706896	26.5633575464084	94.1732329715986	0.146165537405541	99.4329377249019
392.055200868621	78.2545311115012	2.63359521042727	95.878121976884	26.583666061706	94.2452313452638	0.145913330322699	99.261367246613
390.426791666667	77.929499334664	2.61920191721247	95.3541227240627	26.4780957428016	93.8709602005225	0.146342106425293	99.5530534283489
392.154005703915	78.274252635512	2.6334426187251	95.8725667549671	26.5714413929277	94.2018920731537	0.146332374303701	99.5464328975628
389.620747602263	77.7686122958608	2.61327361914836	95.1382983321228	26.4217383700595	93.6711603076196	0.14699911392534	100
392.404202013098	78.3241920185825	2.63500903366046	95.9295933327964	26.6603323235105	94.5170309369143	0.145912393991623	99.2607302828579
395.444673256453	78.9310725062779	2.65947386384475	96.8202548753397	26.6251505884533	94.3923035666601	0.14529348065145	98.8396982618841
391.650786770124	78.1738097345558	2.63177196967834	95.8117454516584	26.5498591037178	94.1253778769996	0.145872457622085	99.2335625207728
390.079411764706	77.8601620288834	2.61708101930007	95.2769097537701	26.3417107583774	93.3874439548985	0.146308691566602	99.5303220949421
392.449800779369	78.3332935687363	2.63729461696245	96.0128018052865	26.6196604600219	94.3728397943221	0.145833034156859	99.2067436752893
392.08552258964	78.2605833512255	2.63389079231944	95.8888828700537	26.5025519504192	93.9576631006944	0.145610336565436	99.0552478019632
393.928999106345	78.6285427357974	2.64695636193077	96.3645452922561	26.5918105031216	94.2741052697107	0.145628116134521	99.0673428198243
390.69118259855	77.9822719757585	2.62157077944611	95.4403630320963	26.3996652572234	93.5929060284349	0.146549533541213	99.6941611604847
392.179898096939	78.279420777832	2.63338667836725	95.8705302018809	26.5682955682956	94.1907393988184	0.145892497802113	99.2471953784771
392.026224232408	78.2487473517782	2.63347242345126	95.8736518196569	26.4801128606535	93.8781113488314	0.145851159947861	99.2190742196838
393.315903369695	78.5061683372644	2.64432820706667	96.2688652304011	26.5139720558882	93.9981500101904	0.146089856802792	99.3814540113418
390.737183700296	77.9914538323944	2.62194521041551	95.4539944884469	26.2693439501471	93.1308869184254	0.146697795450436	99.7950202100829
394.26090494056	78.6947914053013	2.65133240361006	96.5238585596258	26.5540789959395	94.1403383688202	0.145742146769607	99.1449151480111
393.348077007798	78.5125902211173	2.64305062993499	96.2223540218523	26.4771923460597	93.8677574505803	0.145889849532786	99.2453938238583
395.07655238882	78.8575952871896	2.65778155700778	96.7586451030045	26.6698893743609	94.550912887819	0.145633211442579	99.0708090366758
391.910992983202	78.2257471024356	2.63076748787974	95.7751764952641	26.3037884837193	93.2530007392788	0.146086669841975	99.379285997718
391.68002072181	78.1796448546526	2.63145014443396	95.8000291484415	26.5235763511063	94.0321994532819	0.145847640936583	99.2166803200308
394.548913043478	78.7522780525905	2.65386319146255	96.6159938982148	26.6071726438699	94.3285676040413	0.145393184989761	98.9075247512068
395.074406283404	78.8571669228351	2.65722512847718	96.7383878811213	26.7133565840324	94.7050141777585	0.145178297880877	98.7613421633356
393.290755555556	78.5011488134842	2.64404222370383	96.2584537793031	26.5089605734767	93.980383148458	0.145946957898235	99.2842432862284
392.435999475226	78.3305388174104	2.63652189010835	95.9846700714198	26.6229568075975	94.3845261072307	0.145852045911524	99.2196769196862
391.515427114322	78.1467918391861	2.62956068768125	95.7312419770912	26.3709143010656	93.4909772535174	0.146052817840612	99.3562572865515
391.919071167491	78.2273595144692	2.63419246865213	95.8998656361631	26.5042758124044	93.963774589276	0.145990658965477	99.3139720825965
391.687747551687	78.1811871360652	2.6309520637528	95.7818961262847	26.6140656519347	94.3530049084457	0.145771578525285	99.1649368711985
392.547359597653	78.3527663867571	2.63728972522429	96.0126237176797	26.5427886388786	94.1003114473754	0.145746413205653	99.1478175029519
392.923329196951	78.4278102189523	2.64053570908332	96.1307963340102	26.6815087396504	94.5921062193654	0.145865560124005	99.2288703169252
391.181605479219	78.0801607742952	2.62628605220469	95.6120262759053	26.4575951074737	93.7982807170111	0.146033087437283	99.3428351625661
392.585095043525	78.3602984118812	2.63761048019142	96.0243010566048	26.5748725081131	94.2140561683419	0.145665059931288	99.0924748058481
392.915486706023	78.4262448515017	2.64158596476724	96.1690317249962	26.6886005560704	94.6172483452713	0.145762483841383	99.1587499741085
392.588787541713	78.3610354374677	2.63793616141664	96.0361577398618	26.568101688625	94.1900520506414	0.145563019759701	99.0230593047186
393.123307801924	78.4677261081684	2.6422531224131	96.1933201281243	26.6014988897113	94.3084528361222	0.145636971116893	99.0733666536667
393.883624464212	78.6194859210003	2.64857199023923	96.4233635219577	26.7918926634313	94.9834427043101	0.145640168295332	99.0755416180954
391.92410073507	78.2283634201737	2.6323776740465	95.8337965994816	26.5461924304606	94.1123786740831	0.145611572407616	99.056088515997
394.115049469002	78.665678536727	2.64958787528534	96.4603476226197	26.752427184466	94.8435284732704	0.145389456053375	98.9049880444975
390.871118996325	78.0181874244162	2.62377563597317	95.5206325823316	26.4520866917428	93.7787521119759	0.146323226901396	99.5402101373978
392.682120371593	78.379664744829	2.63765933334535	96.0260795944123	26.5633686148182	94.1732722116659	0.145694420308836	99.1124479721921
393.559533315589	78.5547970689798	2.64517162690352	96.2995705983616	26.5172571219869	94.0097963276595	0.146156426543837	99.4267398224382
393.72865948295	78.5885547870159	2.64568341062084	96.3182024904158	26.5327410935067	94.0646905801922	0.145903283733022	99.2545327906706
391.142402545744	78.0723358374738	2.62636504601012	95.6149021080311	26.277058564509	93.1582370067687	0.146084757582335	99.3779851329784
392.57119176409	78.3575233062056	2.6372307052408	96.0104750483803	26.5111332367849	93.9880857413075	0.145636171736187	99.0728228539899
393.189771139064	78.4809922433261	2.64297710938603	96.2196774479683	26.5523602821487	94.1342451317756	0.146088413946906	99.3804724708092
391.316425733367	78.1070710046641	2.62841928929716	95.6896884638329	26.3846972249313	93.5398408995366	0.146571743754181	99.7092702399714
392.183583253879	78.2801563380996	2.63502433454024	95.9301503734581	26.540077540348	94.0906999773989	0.145950490731066	99.2866465883551
394.111451896622	78.6649604584075	2.65065772924749	96.4992965044653	26.6046963113617	94.3197884337954	0.14581702338783	99.1958519300257
392.154685027584	78.2743882290587	2.63397620175973	95.891992268454	26.3971074011249	93.5838378382466	0.145951835348046	99.2875612992975
393.543892284525	78.5516751066916	2.64278032406818	96.2125133224287	26.4281669558864	93.6939511280081	0.146412323910303	99.6008207128819
393.350006645696	78.5129753783824	2.64342429262008	96.2359575082032	26.4991304347826	93.9455330381222	0.145833555231321	99.2070981498493
393.676785794359	78.5782007573571	2.64674963289601	96.3570191578174	26.6476559616094	94.4720903084393	0.145805815928545	99.1882277621064
392.491948435262	78.3417062745034	2.63619677465354	95.9728339854832	26.4439635740691	93.7499537851151	0.146051912319228	99.3556412818971
393.934132537101	78.6295673726748	2.64792003945206	96.3996287365785	26.5434524353468	94.1026647590504	0.14577299477839	99.1659003144922
394.278192409211	78.6982419978465	2.64990573561395	96.4719195799339	26.6258604651163	94.3948202432603	0.145763341758624	99.159333594797
393.091407517874	78.4613587860027	2.64183536662221	96.1781113972924	26.5151049204052	94.0021662763531	0.146249143186806	99.4898127488611
393.69824844331	78.5824847192235	2.64576952705297	96.3213376274145	26.5791165396271	94.2291022395251	0.145755623257752	99.1540828822819
392.835773783428	78.4103340885086	2.63912071542299	96.0792823677693	26.4674652872311	93.8332727821574	0.146486385574128	99.6512031008076
391.709339465951	78.1854968993915	2.63009166891856	95.7505727700835	26.3716246323857	93.4934955419821	0.14617625076593	99.4402257690965
393.896325577217	78.6220210732968	2.64903141035362	96.4400890755248	26.5583961743609	94.1556437626715	0.145821516563914	99.19890853082
393.284766442535	78.4999533817435	2.64346915773347	96.2375908582325	26.6366468163078	94.4330603475808	0.145810481173434	99.1914014172156
394.169923726136	78.6766314822627	2.64927837037866	96.4490798510665	26.5295097132285	94.0532345913462	0.145809255416037	99.1905675636195
393.107452793162	78.4645614357609	2.64100463142729	96.1478678237799	26.4479421076436	93.7640586048294	0.145969057941877	99.2992774201441
392.610706545297	78.3654104880832	2.63614956777174	95.9711153815181	26.5139790764791	93.9981748998052	0.146217002347617	99.467948100612
393.049656931738	78.4530253356763	2.64098650896309	96.1472080611003	26.4688521612786	93.8381895707277	0.14607583047003	99.3719122308591
392.185719189839	78.2805826726225	2.63520398342817	95.936690633678	26.5053609721229	93.9676217309188	0.146423503456255	99.6084258920247
394.117775255392	78.6662226058666	2.65020211788017	96.4827096113556	26.7288765088208	94.7600358929254	0.145627354930369	99.0668249907491
392.752732837779	78.3937590494568	2.6385760948157	96.0594550226974	26.4649249683602	93.8242667654879	0.146116782386579	99.399770845415
392.12265037594	78.2679940870139	2.6335837847187	95.8777060149034	26.4193863939529	93.6628220095169	0.146416825415292	99.603882979632
393.469094138544	78.5367453370346	2.64274522967286	96.2112356831384	26.5824789454412	94.2410227441346	0.145821282651744	99.1987494059358
393.916307007786	78.6260093827917	2.64633662550399	96.3419832962117	26.4322080291971	93.7082776655205	0.145901561099473	99.2533609240496
392.461842849067	78.3356971754625	2.63505596554127	95.9313019251326	26.4767105975808	93.8660495410416	0.145921172859739	99.2667023379825
393.532917872246	78.5494846052387	2.64548004254288	96.3107987142747	26.5655963302752	94.1811699770881	0.145991693025023	99.314675528705
392.681375308535	78.3795160296477	2.63836059534434	96.0516095935597	26.3612208258528	93.4566116467627	0.146168170834923	99.4347291842591
393.042264613231	78.4515498230001	2.64159482542067	96.1693543041106	26.4731755780347	93.8535170809151	0.145950072541007	99.286362103607
392.409317803661	78.3252131344632	2.63537334755655	95.9428564690707	26.4078761061947	93.6220153829929	0.146355543184266	99.5621941358089
392.54010418909	78.3513182014152	2.63655674422677	95.985938963239	26.4821893225662	93.8854728855316	0.146358448662362	99.5641706634343
393.945468440928	78.6318300281293	2.64728930719676	96.3766664286775	26.5549425287356	94.1433997918746	0.145687216497457	99.1075473906943
392.337992100352	78.310976467136	2.63615960549435	95.9714808127692	26.4543076229138	93.7866258255387	0.146170837885592	99.4365435153785
393.822914329309	78.6073681296027	2.64881625841133	96.4322562984582	26.6110140663786	94.3421863333839	0.145764119320219	99.1598625514513
391.800205093146	78.203633751127	2.63175412262951	95.8110957156936	26.4003930677148	93.5954862845961	0.146402732976948	99.5942962290947
393.39761351448	78.5224777474012	2.64488019856073	96.2889609184507	26.6678614097969	94.5437232854125	0.145773298472674	99.1661069104886
394.703856182242	78.7832048267949	2.65529810000929	96.6682328816871	26.6371763829391	94.4349377835055	0.145723980067114	99.1325567725029
392.476738175239	78.3386702944589	2.63631485482903	95.9771327879052	26.5241169087323	94.0341158548197	0.146509239905131	99.6667503584693
393.319664247617	78.5069190115005	2.64368628635735	96.2454955979596	26.5142160844842	93.9990151478815	0.146102310056833	99.389925663795
393.69921736037	78.5826781158423	2.64597587872652	96.3288500237193	26.5408833728783	94.093556839694	0.145808222779074	99.1898650852612
393.500903043919	78.5430944199439	2.64383434267315	96.2508857055394	26.5117464942633	93.9902598806001	0.146238112032484	99.4823085170138
392.303906317518	78.3041729176683	2.63599845581447	95.9656140308876	26.3825033647376	93.5320631588361	0.146148554986207	99.4213849890514
392.483423384482	78.3400046675614	2.63669147315494	95.9908438767038	26.4272228715275	93.6906041310736	0.146091249723118	99.3824015819012
393.499691385239	78.5428525719041	2.64528421020241	96.3036692826321	26.5071331213085	93.9739044087701	0.146145379635757	99.4192248736843
391.643867623943	78.1724286674538	2.63029769967165	95.7580734830244	26.401583207329	93.5997056041966	0.146368198814156	99.5708034597373
394.044992808342	78.6516951713258	2.64985605558188	96.4701109389722	26.6225809410254	94.3831935734876	0.145670644177206	99.0962736354935
393.853286225484	78.6134303843281	2.6485221128895	96.42154769749	26.6232368225687	94.3855188249273	0.145664760603815	99.0922711804893
392.885594897735	78.4202784227016	2.64047202723785	96.1284779459285	26.4752024752025	93.8607028991559	0.145976443680891	99.3043017626839
392.471505283215	78.3376258050329	2.63722571083235	96.0102932229802	26.4933429291112	93.9250149948377	0.146267847796287	99.5025370496964
393.175532381036	78.4781501758555	2.64201242006246	96.1845571681816	26.3865036231884	93.5462449982508	0.145878624346272	99.2377575965272
393.033378243296	78.4497760964663	2.64002383505554	96.112161154132	26.4496396396396	93.7700767475232	0.146199729718947	99.4561979422551
393.734808853119	78.5897822062113	2.64653093340366	96.3490572293778	26.6443341604632	94.4603137567483	0.145581362801591	99.0355376397241
392.898933581132	78.4229408345573	2.64020782194938	96.118859342897	26.4918451025057	93.9197048538428	0.145755146263178	99.1537583942213
393.153772350632	78.4738068564136	2.64157566710803	96.1686568305468	26.4462414166968	93.7580292629261	0.146118227865745	99.4007541705031
392.650511739916	78.3733556367097	2.63845559363589	96.0550680816938	26.5155285062204	94.0036679858258	0.145985940867428	99.3107624727404
391.059549110305	78.0557982256099	2.62385787238564	95.523626464138	26.2936285664274	93.2169814877055	0.146255334811778	99.4940247640271
392.872479729437	78.4176606246381	2.63981994795075	96.1047384824073	26.4164790634849	93.6525148520348	0.146453779502745	99.6290219661647
391.914024442355	78.2263521841029	2.63233907800169	95.8323914798652	26.3835592011412	93.5358063425601	0.146151013147439	99.4230572176565
392.053602355386	78.2542120469833	2.63270731768362	95.8457975374861	26.4726201269266	93.8515478785461	0.145686710655	99.1072032781051
394.145925891998	78.6718414954089	2.64958629491026	96.4602900878116	26.7514843087362	94.8401857612051	0.145518436525621	98.9927303912378
394.651508791568	78.7727562458219	2.65472520861452	96.6473763161791	26.810756591517	95.0503196829174	0.145491832742873	98.9746324707559
392.874012969253	78.4179666605296	2.6399461222213	96.1093319567783	26.6112435803375	94.343000013337	0.146053256656859	99.3565558028043
393.625753079759	78.5680145867782	2.64684758865174	96.3605853147798	26.6223478180302	94.382367098668	0.145415501716869	98.9227062897295
394.194072657744	78.6814516282922	2.65058407249183	96.4966149718685	26.7286460276016	94.7592187838115	0.145733210575324	99.1388360676383
394.081830342728	78.6590479726004	2.65062331115394	96.4980434864773	26.8058555997726	95.0329445360998	0.145413969236853	98.9216637800331
394.069187597755	78.6565244706098	2.64815641237545	96.4082340802893	26.7667296786389	94.8942341159388	0.145890197189211	99.245630326253
395.069621151208	78.8562118066284	2.65743554134424	96.746048128396	26.9372882996226	95.4989037899868	0.145371689236249	98.8929017014908
393.665420139671	78.575932163607	2.64706270425861	96.3684167690264	26.6880238405662	94.6152037557105	0.145849105484076	99.2176766168483
394.507478484974	78.7440076816315	2.65179466803427	96.5406876625476	26.7845006607514	94.9572363488337	0.145478315221036	98.9654368222404
393.417275423916	78.5264022802228	2.64364926573348	96.2441478327916	26.6274223034735	94.4003573206882	0.145924602286295	99.2690352952802
394.557241442347	78.7539404076541	2.65141451044729	96.5268477241429	26.5578829250047	94.1538241752527	0.145508524493873	98.9859874718537
394.191420960779	78.6809223474609	2.64914565383226	96.4442481999554	26.7003281762775	94.6588254654842	0.145663626907313	99.0914999537309
394.614082790305	78.7652859860889	2.65421565962592	96.6288257811962	26.9260468689973	95.4590503240476	0.14559466284613	99.0445853436071
393.272076796587	78.4974205182808	2.64047256141355	96.1284973930186	26.5744113318617	94.2124211920971	0.145828868451662	99.2039098451488
393.489781088201	78.5408744687027	2.64464016117007	96.2802221669035	26.7320243104254	94.7711955760846	0.145717101075793	99.1278771583628
394.038390207715	78.6503772869691	2.6491185043864	96.4432598028503	26.8390848427073	95.1507498711707	0.14572394810324	99.1325350282397
394.668795329106	78.7762066525163	2.65465425276731	96.6447931122964	26.6584093872229	94.5102136839867	0.145595780015369	99.0453453272621
396.652733118971	79.1722022193555	2.66843570849774	97.146517936335	26.9417336394948	95.5146635457593	0.145021085668358	98.654394435339
394.757463378454	78.7939048659588	2.65463128307018	96.6439568822582	26.6808470764618	94.5897604706586	0.145568760353803	99.0269644943138
394.096237533998	78.6619236594807	2.65009870637667	96.4789448335691	26.5965335063491	94.2908494061585	0.14598458669002	99.3098412580664
394.499527048331	78.7424205685292	2.6524536926291	96.564679975504	26.5928215537922	94.2776896776753	0.145719266796497	99.1293504466337
394.350184283569	78.7126116334469	2.65024384501784	96.4842287208903	26.6607691591396	94.5185796200352	0.145484742107442	98.969808880163
393.539852315954	78.5508687257394	2.64288760833682	96.2164190913009	26.6098865627594	94.338189072841	0.145549508012994	99.0138675848875
394.258664753621	78.6943442621997	2.64930666148339	96.4501098111677	26.4887197358767	93.9086247078501	0.145910045209276	99.2591324621065
394.327621379029	78.7081080596864	2.6506676661492	96.4996582652518	26.6358093126386	94.4300912037886	0.14600623905106	99.3245708441585
394.567704993129	78.7560289407443	2.65516282920059	96.6633082406317	26.7938739409738	94.9904667904507	0.145530873216793	99.0011907763654
393.483881036251	78.5396968136229	2.64539842645267	96.3078274157919	26.515037593985	94.0019275886553	0.1459586462258	99.2921945773978
394.995441779087	78.841405544728	2.65515731832344	96.6631076127792	26.5989734017732	94.2994993985326	0.145649597474127	99.0819560641036
394.534998854	78.7495007692614	2.65364796093458	96.6081582601744	26.6820130475303	94.5938941071871	0.145448842489913	98.9453872244326
393.68649489116	78.5801387008302	2.64516997865162	96.2995105924442	26.5320372398686	94.0621952566048	0.145605764610357	99.0521376096927
394.548472897368	78.7521901990754	2.65317229627692	96.5908413111283	26.7101774042951	94.6937432518771	0.145933066983819	99.2747936276252
394.302306721932	78.7030552339185	2.65177945366175	96.5401337712514	26.6066752719897	94.3268043059391	0.145619303867625	99.0613480443045
396.346622844622	79.1111023641961	2.66740232323076	97.1088967262553	26.890778786431	95.3340168319455	0.144984748560899	98.6296751656174
391.585823131581	78.1608429404354	2.62824905368851	95.6834909015094	26.3922390722569	93.566578488864	0.146640079900731	99.7557576947088
394.735238534224	78.7894687693063	2.65548198186437	96.6749272464324	26.6694129763131	94.5492239467932	0.145374696849695	98.8949477093649
394.271533445807	78.6969128634346	2.65076956116488	96.5033678340965	26.5861459786146	94.2540232230367	0.145789918310907	99.1774129910418
394.954839912383	78.8333013797171	2.65791140013082	96.7633721448592	26.7928726312812	94.9869169165015	0.145656290097953	99.0865088968702
393.789925792669	78.6007835913511	2.64656333251933	96.3502367448751	26.5043262150221	93.9639532781881	0.145612979268434	99.057045569941
393.66653283369	78.5761542582216	2.64588495962896	96.3255400418771	26.4626373626374	93.8161566752517	0.145801120829335	99.1850337978134
395.408295828887	78.923811542692	2.66119494525726	96.8829122089143	26.7296967420899	94.7629438091635	0.145396189027172	98.90956832639
395.674611302486	78.9769683238495	2.66298872739121	96.9482162699022	26.763373131522	94.882334381763	0.145281299095705	98.831411439318
395.474520650696	78.9370300699992	2.66089519680637	96.8719996288707	26.7239327540612	94.7425091413498	0.145424473919904	98.9288098659993
394.659287996349	78.7743089813071	2.65526098931271	96.6668818373508	26.6397250092902	94.4439732521094	0.145605915387679	99.0522401799177
394.568279740578	78.756143660794	2.65309968569074	96.588197865161	26.6015371793685	94.3085885817935	0.145618290026208	99.0606583521082
395.423107273824	78.926767918927	2.65933504080418	96.8152009124663	26.6940382452193	94.6365262082505	0.145897349745683	99.2504960402573
395.084557804269	78.8591931745049	2.65747145330606	96.747355531843	26.731456365167	94.7691820790691	0.145587896516855	99.039982370777
393.557882593069	78.5544675834469	2.64572444434938	96.3196963558416	26.6473914629697	94.4711525997187	0.1458070284658	99.1890526223541
394.024348530537	78.6475745569934	2.64858352882807	96.4237835934341	26.5869145118248	94.256747850634	0.145635001835788	99.0720269985814
394.430132993259	78.7285694597324	2.65227451495831	96.5581568703176	26.6168137482582	94.3627475441367	0.145654657257472	99.0853981143374
394.308062029564	78.7042039979169	2.64938495263729	96.4529600627073	26.5578470359752	94.1536969403605	0.14569535060777	99.1130808324245
393.340242024202	78.5110263521362	2.64249013989421	96.2019489374701	26.4191362486447	93.6619351866694	0.146217775254907	99.4684738910532
393.929372848777	78.6286173350853	2.64958952685766	96.4604077494196	26.5401707832155	94.0910305448833	0.14597003679214	99.2999433086905
395.703955500618	78.9828254492252	2.66398493999482	96.9844841796954	26.811737804878	95.0537983107333	0.144699374831309	98.4355422066022
394.703756039748	78.7831848382731	2.65489143388046	96.6534278787962	26.6402229447283	94.4457385481541	0.145589823232928	99.0412930698831
394.918997373635	78.8261471803663	2.65626323851852	96.7033695144337	26.6436471791059	94.4578782492904	0.145714863859052	99.1263552330384
393.304077310034	78.5038078463143	2.64081598967028	96.1410001710304	26.4254796762753	93.6844241015986	0.145880086475088	99.238752247976
394.088686099052	78.6604163870363	2.64976346359257	96.4667400541794	26.5250979320397	94.0375938088516	0.145927884095095	99.2712678317307
394.329804560261	78.7085438244033	2.65127200871475	96.5216598355713	26.5705855232826	94.1988578177387	0.145693242914043	99.111647018525
395.240662356389	78.8903517677422	2.65816619287229	96.7726480766537	26.7040729940739	94.6721017088265	0.145373602749942	98.8942034193325
396.089245068285	79.059729554548	2.66577971900399	97.049824532716	26.8070541386176	95.0371936329122	0.145084561192091	98.6975753240105
395.146830678845	78.8716228899891	2.65677821150937	96.7221175145197	26.7449920804994	94.8171693137856	0.145302851279068	98.84607287692
394.327666947644	78.7081171552185	2.6521896937135	96.5550688856403	26.8197674418605	95.0822652269694	0.145923283253821	99.2681379888688
393.543694096601	78.5516355482238	2.6451173720598	96.2975954077542	26.4735972081918	93.8550118571286	0.145861657533697	99.2262154775839
395.540833809252	78.9502662293916	2.66002809076862	96.8404319459841	26.8359053004888	95.1394776602101	0.145162253134306	98.7504273039586
394.338014897245	78.7101826142205	2.65067515987943	96.4999310804429	26.5544046200385	94.1414927814011	0.145679117321852	99.1020377142149
394.493438792019	78.7412053477083	2.65093291320363	96.5093147945992	26.4701581208299	93.8428194987352	0.145599651282305	99.0479788580587
396.774117533904	79.1964306454898	2.6713011216448	97.250835574118	26.8807647963105	95.2985149258729	0.144841436534423	98.5321834034909
396.19458432304	79.0807553539003	2.66680916340619	97.0873022724885	26.8069175218548	95.0367092949587	0.144880435349614	98.5587133696589
394.573044895004	78.7570947894219	2.65451248273484	96.6396318618461	26.5650009219989	94.1790591173362	0.145618255362584	99.0606347712699
394.714136553477	78.7852567971013	2.65444871643433	96.6373103991116	26.6202064896755	94.3747755954605	0.146046827330955	99.3521820853498
395.912379688019	79.0244270834368	2.66505438632807	97.023418221488	26.8109315589354	95.0509399827957	0.145283157659342	98.832675775944
394.626059754273	78.7676765976593	2.65441540055301	96.6360975080339	26.6136741096143	94.3516168005571	0.145492938860993	98.9753849365975
395.260577192491	78.8943267849283	2.65866421296377	96.790778892995	26.6970582689044	94.6472328891953	0.145234714425383	98.7997209963772
394.216746993379	78.6859774437881	2.64906020633914	96.4411374162117	26.5484255944184	94.1202957556983	0.1459823497613	99.3083195286762
395.267891861865	78.8957867987754	2.65779556022266	96.7591549011462	26.677537250492	94.5780263737319	0.145511813030172	98.9882245848615
392.993570528694	78.441830444849	2.64034632400387	96.1239016200177	26.3408784694153	93.3844932984464	0.146545841702759	99.6916496906156
394.742742335997	78.7909665341312	2.65242011808157	96.5634576674778	26.4917336288907	93.9193096541511	0.145695148616809	99.1129434227792
395.11332716335	78.864935561547	2.6594565623524	96.8196250007912	26.7859284242084	94.9622980997975	0.145342885100843	98.8733069334432
394.761358463079	78.7946823279599	2.65549255968433	96.6753123403561	26.6492088461183	94.4775956424081	0.145407915376432	98.9175454828137
395.290498192964	78.9002990405118	2.65656444838359	96.7143352984199	26.6465038845727	94.46800592946	0.145449745737059	98.9460016819777
395.327749521721	78.9077344354732	2.66058726792509	96.8607892337715	26.7960396039604	94.9981445655443	0.145169111787839	98.7550930827852
392.159332514506	78.2753158711589	2.63258557584285	95.8413654292361	26.5215779719354	94.0251147379218	0.146219488530484	99.4696393916687
394.479043561907	78.7383320482849	2.65250330436915	96.5664861302405	26.6561455625696	94.5021879031301	0.146125243612583	99.4055268161676
392.155424456687	78.274535819698	2.63223230087779	95.8285041739995	26.5096521580769	93.9828349754741	0.145451008250206	98.9468605396355
391.382926829268	78.1203446765007	2.62689698280512	95.6342676888589	26.2995862311823	93.2381027842113	0.146449135680954	99.6258628846803
392.938035395921	78.4307455880082	2.6398575737035	96.1061082777719	26.5129194329804	93.9944182190509	0.146066291166753	99.3654228697863
393.282078057695	78.499416777983	2.64209806194641	96.1876750288774	26.521688474637	94.0255064955017	0.146063941237446	99.3638242687849
393.888898852224	78.6205386930586	2.64684477367123	96.3604828331822	26.507102923655	93.9737973511193	0.145743864578908	99.1460837328109
397.726852534789	79.3865973123331	2.67870302063666	97.5203075763423	27.0033787045082	95.7332095280925	0.14539563720312	98.9091929336158
394.379109297215	78.7183850892644	2.65101990989826	96.5124819782523	26.6808781998725	94.5898708103323	0.146368816606031	99.5712237288526
393.680890620158	78.579020083864	2.64796971050745	96.4014370507372	26.5131329542377	93.9951752011859	0.146328062125855	99.5434994255637
394.620459633572	78.7665588090963	2.65544808234648	96.6736931076027	26.7012065948236	94.6619396619573	0.145936901107184	99.2774018905339
396.233520599251	79.0885270657188	2.66629888834597	97.0687253042924	26.8284777517564	95.1131452857743	0.145758315800804	99.1559145552632
394.639324708689	78.7703242931515	2.65388319531259	96.6167221542377	26.70366598778	94.670658777583	0.145874848649057	99.2351890795384
395.832437987574	79.0084706562024	2.66539912753346	97.0359687984368	26.7570442246688	94.8598969463407	0.145378563304546	98.8975779666145
393.147575418994	78.4725699439111	2.64219915651642	96.1913554568628	26.5916012921089	94.2733635683878	0.146045182620619	99.3510632280371
392.247971184308	78.2930082204207	2.63544690157994	95.9455342616179	26.5644138430875	94.1769777871053	0.146368464989341	99.5709845323836
392.679385574354	78.3791188771166	2.63921672754088	96.0827777650553	26.5412418906395	94.0948278678987	0.145653387774019	99.0845345149464
393.568861193895	78.5566589209371	2.64576179004449	96.3210559554859	26.6198694029851	94.3735805453478	0.145758990530309	99.1563735576932
392.544764795144	78.3522484621046	2.63932334779826	96.086659360071	26.602437662821	94.3117810034523	0.145691540119915	99.1104886481903
393.426745020635	78.5282924192885	2.64572621422499	96.3197607895667	26.6250231867928	94.3918518983709	0.145574042866458	99.0305580619989
393.525129510134	78.5479300419428	2.64701628142198	96.3667267088474	26.8255223037832	95.102667540631	0.145649653514233	99.0819941868544
392.758407039914	78.3948916247333	2.64055199689441	96.1313893046885	26.6555659494855	94.5001330409799	0.145902313823004	99.2538729839601
393.896510778224	78.6220580395657	2.64951960253138	96.457862098874	26.7977199924628	95.0041019305966	0.145792557260285	99.1792082055216
393.346663650758	78.5123081139237	2.64433924342358	96.269267017726	26.7491351098644	94.8318573090407	0.145862379024833	99.2267062908387
395.239375379868	78.8900948862012	2.65970388738034	96.8286290645528	26.6997615641392	94.6568166946874	0.145384047983919	98.9013090635077
392.767663225633	78.3967391667931	2.64116969643973	96.1538771464481	26.6641874302715	94.5306981800892	0.145885378049005	99.2423519798216
393.422465926528	78.5274383086882	2.64576216512837	96.3210696107119	26.7750865051903	94.9238609947079	0.145687194143574	99.1075321838793
395.540258737208	78.9501514445525	2.66222343824896	96.9203553118331	27.1166470125786	96.1347718210211	0.145339676675157	98.8711243177793
392.627652050919	78.3687928245348	2.6376348867738	96.0251895975899	26.4819620835634	93.8846672708231	0.145795810585679	99.1814213653883
393.074248035408	78.4579337396024	2.64259762060574	96.2058618580015	26.6347232610322	94.4262409001975	0.14586092568764	99.2257176201225
392.752835475693	78.3937795360664	2.63897950511372	96.0741414944861	26.5233558412728	94.0314176950314	0.146010150694464	99.3272318421058
392.083040267276	78.2600878776998	2.63520458695323	95.936712605486	26.6386948529412	94.4403211101056	0.145591338049297	99.0423235634209
393.585289514867	78.5599380269196	2.64551279905287	96.3119912409954	26.4390288762185	93.7324591423722	0.145934938611099	99.2760668511363
394.038737446198	78.6504465960475	2.64900939861162	96.4392877206026	26.5254237288136	94.0387488336045	0.146013454161563	99.3294791121816
392.0918508886	78.2618464847505	2.63338971077276	95.870640599008	26.4261394343362	93.6867630961875	0.146201942842632	99.4577034776461
394.805950367899	78.8035829077643	2.65458140915741	96.6421411829156	26.6992263957498	94.6549193992372	0.145541880980225	99.0086790959467
394.628443127633	78.7681523208848	2.6550006554596	96.6574041769933	26.6910798122066	94.6260378804532	0.145152071273941	98.7435008265852
395.322610251939	78.9067086331215	2.6586675957816	96.7909020471605	26.6716001117006	94.5569778465039	0.145293082334898	98.8394272966101
393.387893376126	78.5205376000251	2.64363932689305	96.2437860014248	26.6163729809104	94.3611849221654	0.145972223914234	99.301431155818
394.263052755834	78.6952201109449	2.65114831547127	96.5171566849585	26.6697332961621	94.5503595545835	0.145554639278992	99.0173582630695
395.101941296675	78.862662933468	2.65838151237568	96.7804869539145	26.9046540168036	95.383207725835	0.145322689298269	98.859568209423
394.022490177483	78.6472036282401	2.64891110799799	96.4357093728727	26.5614731401145	94.1665523163907	0.145428300224998	98.9314128103251
394.309483738913	78.7044877722381	2.65208775523652	96.5513577345525	26.6627702013174	94.5256737763694	0.145658749076435	99.0881816814308
394.766612566659	78.7957310512293	2.65616401190498	96.6997570908848	26.7718455743879	94.9123711470497	0.145536638664541	99.0051128733049
393.297931583134	78.5025811543183	2.64487001716386	96.2885902566244	26.5302312875615	94.0557927388864	0.146026786436665	99.3385487417499
394.615327929256	78.7655345168175	2.65439311122032	96.6352860472028	26.7505388435948	94.836833869078	0.145617581767049	99.0601765402523
394.510917431193	78.7446940980424	2.65268416817719	96.5730706205905	26.6732221083046	94.5627281988002	0.145570489302366	99.0281406568884
393.918686823508	78.6264843959099	2.64797105429892	96.4014859725311	26.6421100917431	94.4524289198502	0.145805610893146	99.1880882814027
393.730481522956	78.588918467656	2.64708182998555	96.3691130562819	26.6544719183748	94.4962544482048	0.145966405673587	99.2974731451256
394.194086360768	78.6814543634268	2.6507339711403	96.5020721510302	26.5571717915669	94.1513030430957	0.145645419391063	99.0791138135946
393.615291371105	78.5659264213783	2.64626609148312	96.3394154492512	26.6203336713061	94.3752264836928	0.145619377403724	99.061398069163
394.024086040942	78.6475221638606	2.64980160586044	96.4681286536865	26.6007948978649	94.3059570225546	0.145500336921544	98.9804176611855
394.281838871188	78.6989698345684	2.65126916296883	96.5215562339345	26.6128583356527	94.3487246935933	0.145735346859225	99.1402893307523
392.575181909285	78.3583197423723	2.63735343578567	96.0149431511868	26.4088402784055	93.6254335959983	0.146102981393248	99.3903823579866
393.411764705882	78.5253023365035	2.64442462773094	96.2723755011417	26.4875091174325	93.9043327860707	0.146056665950681	99.3588750642823
394.457450693937	78.7340220945982	2.65196493983488	96.5468865424678	26.5311307584923	94.0589815709222	0.145662062477479	99.0904357093336
394.666080274061	78.7756647253616	2.65438322217327	96.6349260286033	26.8281719219219	95.1120610484295	0.14530798132366	98.8495627242086
393.71547650887	78.5859234548644	2.64817923623433	96.4090650009702	26.5542025270097	94.1407763149736	0.145583869354181	99.0372427878186
393.200781867697	78.4831899935524	2.64461128008948	96.2791707282627	26.5570859006887	94.1509985401098	0.146072833288166	99.3698733193424
393.227893696464	78.4886015362203	2.64266753873983	96.2084072831154	26.5218611387707	94.0261186297041	0.145930132443814	99.2727973298745
394.960583474324	78.8344477992663	2.65655338177508	96.7139324097614	26.6627636836725	94.5256506698142	0.145272902661958	98.8256995451968
396.420281582953	79.1258047071762	2.66859370532497	97.152269936116	26.7972754120225	95.0025257903324	0.144882893001733	98.5603852519259
393.909934374293	78.6247374000585	2.64826284134759	96.4121087114142	26.5974796145293	94.2942035780066	0.145523006648841	98.9958393373387
392.817451255928	78.4066768973909	2.63992427858651	96.1085367219323	26.5160439960004	94.0054955160641	0.146159155166542	99.4285960395485
394.909287754538	78.8242091326423	2.65560517127113	96.6794120544702	26.6585365853659	94.510664630759	0.145787927158334	99.1760584573177
394.617569171765	78.7659818706118	2.6555637844905	96.6779053359034	26.795205352165	94.9951869503955	0.145369309854623	98.8912830647773
392.80083041958	78.4033593651857	2.63930567029003	96.086015796366	26.4407270096754	93.7384794173834	0.14623605203029	99.4809071465302
393.820372201744	78.606860718911	2.64869374443717	96.4277960800803	26.5825135607245	94.2411454633024	0.145571609288466	99.0289025567876
394.394244734931	78.7214061347168	2.65250054680236	96.5663857388349	26.6303383250139	94.4106952900278	0.145790299058967	99.1776720048893
394.384226673886	78.7194065217336	2.65271060053633	96.5740329115848	26.6304768932755	94.4111865464951	0.145723647484978	99.1323305247879
392.960791224283	78.4352876695176	2.64070198266501	96.1368496556003	26.365430078196	93.471534417759	0.145822042296427	99.199266174141
394.181313018149	78.6789047940418	2.65041316107566	96.4903928062367	26.5553720524819	94.1449225526834	0.145955854466087	99.2902954096829
394.856086696974	78.8135901590766	2.65571521244516	96.6834181906693	26.629363449692	94.4072391320235	0.145667316887075	99.0940101591757
394.053516478616	78.6533965027177	2.6490188209144	96.439630747007	26.552204601705	94.1336932086739	0.145993684964278	99.3160305975906
393.984997551529	78.6397200701655	2.64891723429264	96.4359324054877	26.5300456621005	94.0551346537872	0.145992120945743	99.31496663299
394.198125112673	78.6822605015316	2.65129708703145	96.5225728315768	26.5881430942283	94.2611034587949	0.145735258766178	99.1402294031485
394.076264310827	78.657936988189	2.65015561069107	96.4810164802579	26.6347073978653	94.42618466161	0.145949513881486	99.285982060826
394.045750168199	78.6518463409579	2.64807749719266	96.4053611104829	26.4139987157142	93.6437214467562	0.145787715690216	99.1759146005874
392.223277808546	78.2880794029034	2.63456734899884	95.913513452451	26.4432595752244	93.7474579467371	0.1463493547749	99.5579843081435
393.263387352475	78.4956860982984	2.64455565125047	96.2771455162671	26.488977592307	93.9095388684052	0.145733557538554	99.1390720984692
392.368288663371	78.3170236853035	2.63494171765404	95.9271426402036	26.5207958228304	94.022341838835	0.146379025528555	99.5781686159685
394.271525904248	78.6969113581333	2.65164832429043	96.535359902508	26.609794628752	94.3378631455676	0.145440439856617	98.9396711129057
394.529722108519	78.7484475266504	2.65367311555161	96.609074033954	26.6691701437181	94.5483630492016	0.145616330322258	99.0593252121336
394.451213427081	78.7327771311539	2.6524498575085	96.5645403548973	26.7346806340966	94.7806128565431	0.145662067604877	99.0904391973805
396.251249583472	79.0920657851242	2.66761965324128	97.116808797623	26.8497379704621	95.1885176676616	0.145037273145148	98.6654063906882
394.004596162428	78.6436319685484	2.65045461298342	96.4919018958086	26.602728438015	94.3128118686222	0.146017379587175	99.3321494858372
394.659282032734	78.7743077909648	2.65417752124291	96.6274373231203	26.5746702333733	94.2133390577069	0.145623778225674	99.0643918436375
393.684070324987	78.5796547554864	2.64785712594767	96.397338320563	26.6147877681424	94.3555649770568	0.145928742529208	99.271851804035
395.058991875923	78.854090194795	2.65743042057401	96.7458617026951	26.6254330929862	94.3933051104275	0.145312644246751	98.8527347998533
394.957058357785	78.8337441831906	2.65894492365346	96.8009983882462	26.9468485418627	95.5327970551046	0.145910724123678	99.2595943114224
395.555666098162	78.9532267661002	2.66076808458162	96.8673720075332	26.8090153090153	95.0441464345841	0.145517966037017	98.9924103290342
394.695179132335	78.7814728807056	2.65291678627011	96.5815392667206	26.5331684075499	94.0662055070937	0.145781301519608	99.1715511929204
395.102146592056	78.86270391059	2.65729669091938	96.7409931685756	26.5860727845171	94.2537637330688	0.145669281389194	99.0953465632306
395.164538043478	78.8751572941074	2.65825347565508	96.7758256755731	26.5248058474189	94.0365583014616	0.145716803109346	99.1276744588777
397.923822040498	79.4259125829338	2.67920332548509	97.5385215710722	26.917929050815	95.4302707851067	0.145319929309006	98.8576906543892
396.099701605646	79.0618166877537	2.66665316852867	97.0816231552745	26.8074522413467	95.0386049989636	0.145726935392327	99.1345672099364
395.677543909215	78.977553674494	2.66445932011856	97.0017543642657	26.7962267692885	94.9988081098278	0.14549901542218	98.9795186766076
395.955054110062	79.0329449321481	2.66554941373483	97.0414400867688	26.6079639507081	94.3313729694059	0.146151233325566	99.423206999598
394.589438202247	78.7603669066362	2.65277382042396	96.576334481725	26.6611766858816	94.5200243963874	0.145938057713931	99.2781887025877
393.988498030791	78.640418768621	2.65118193642639	96.5183806824898	26.650921028634	94.4836657245752	0.146101637691771	99.3894682698392
395.840671449337	79.0101140617438	2.66476752615925	97.0129748495728	26.7171355980051	94.7184116544377	0.145702156626341	99.1177108049385
396.32855943273	79.1074968927605	2.66850112422773	97.1488994478578	26.7204632483422	94.7302089428602	0.1454584712576	98.9519374460155
394.193983261706	78.6814337847716	2.65049535744781	96.4933852303433	26.5713497609415	94.2015672166154	0.146396641974353	99.5901526649387
395.667427240978	78.9755343794367	2.6629892059454	96.9482336920467	26.7701706930324	94.9064333061039	0.145456733204574	98.9507550898915
394.987249037882	78.8397702670423	2.65796393209586	96.7652846127026	26.8501994249142	95.1901536301918	0.14606802748886	99.3666040484075
396.634967289277	79.1686561455642	2.67106427995204	97.2422131644864	26.8239303294207	95.0970236241094	0.145441951002819	98.9406991097159
394.37485729942	78.7175363871098	2.65319648870667	96.5917220557169	26.6286450188575	94.404692128911	0.146615154450072	99.7388015036179
396.787217938408	79.1990454966882	2.67273895325364	97.3031809739836	26.8276219167765	95.1101111532551	0.145564595076259	99.0241309550956
396.813564172271	79.2043042260021	2.67241127859354	97.2912517181493	26.7863958431743	94.9639552079059	0.145167896425703	98.7542663008385
393.475522349159	78.5380284130059	2.64325030432002	96.2296233261733	26.4508393285372	93.7743299215372	0.146703980525219	99.7992277693108
398.622807458411	79.5654306304213	2.68750168540489	97.8406299442375	27.0441162085494	95.8776333815926	0.14536146053079	98.8859433565145
394.806750136091	78.803742542134	2.65590868722041	96.6904617932803	26.6472146118721	94.4705256217629	0.146070236268858	99.3681066288917
396.015097356787	79.0449296121331	2.66795692786763	97.1290875478411	26.7722967269999	94.9139705871792	0.145620476709242	99.0621459005542
395.246060437523	78.8914292290466	2.65983174356461	96.8332837703262	26.6735510280026	94.5638942950399	0.145530489099724	99.000929470662
397.220050687201	79.2854392589225	2.67369834526197	97.3381084008088	26.8438217291507	95.1675432268229	0.14548037972854	98.9668412575796
395.957307885485	79.0333947875219	2.66364663249291	96.9721678268232	26.4381457438054	93.7293282341526	0.14569391720413	99.1121057220294
397.2432788485	79.290075618463	2.67589744157137	97.4181682457524	27.0574437529919	95.9248826024613	0.145202804340552	98.7780133248285
393.50010995294	78.5429361183513	2.64486320326364	96.2883421911835	26.4906793332138	93.9155719326591	0.146268105033471	99.5027120420327
399.010835122151	79.6428812619063	2.6910919350301	97.9713358287754	27.222870709269	96.5113593408046	0.145228164792345	98.7952654368414
395.170961370631	78.8764393953355	2.65902347321612	96.8038580473614	26.7185650887574	94.7234795290621	0.145593508655328	99.0438001750638
398.144919572385	79.4700438268233	2.68217147217493	97.6465793049436	27.0785770132916	95.9998048874993	0.145387986073477	98.9039880521449
395.091198891199	78.8605187407583	2.65695122683057	96.7284162744827	26.6872275299137	94.6123806506696	0.145799044058094	99.1836210197462
395.793315174738	79.0006617115246	2.66319102595723	96.9555811096134	26.7086614173228	94.6883687281909	0.145592200784028	99.0429104613332
396.879259078723	79.217416981781	2.67478615924802	97.377711131566	26.9695250913286	95.6131906564074	0.145119208148576	98.721144824234
400.976615484781	80.0352525917727	2.70819328868642	98.5939241693597	27.4509398884528	97.3199172163442	0.144058863519193	97.999817599145
393.95108234769	78.6329505684012	2.64754439343418	96.3859530454244	26.4315723043635	93.7060238742687	0.146379103311139	99.5782215296102
397.606131372354	79.362501271927	2.67781191848118	97.4878662957619	26.9417617793386	95.5147633079997	0.144966188857432	98.6170494408964
395.374035574036	78.9169731684702	2.65952067545499	96.82195908913	26.6306181076823	94.4116871841576	0.145779047038462	99.1700175230322
395.623594988023	78.9667854267511	2.66107950370497	96.8787094676624	26.7010528260066	94.6613945160134	0.145600116680305	99.048295457246
394.959240494774	78.8341797394758	2.65777114766589	96.7582661426587	26.5490989334314	94.122682897897	0.145961089043294	99.2938563680231
394.612058193502	78.7648818749506	2.65335392376349	96.5974536038007	26.5599028602267	94.1609853117888	0.146330291159325	99.5450157840035
395.67392114829	78.9768305685209	2.66259708065792	96.9339580600156	26.7474615742897	94.8259242391986	0.145582083902321	99.0360281873953
395.578007737846	78.9576861752187	2.66241541113013	96.9273442367995	26.6287871725552	94.4051960965766	0.145871294408655	99.23277121435
394.025061514627	78.647716869187	2.64824926930596	96.4116146104766	26.6270593649333	94.3990706198017	0.145817754068253	99.1963489945337
394.576233286177	78.7577311948457	2.65461174696119	96.6432456547189	26.41818684356	93.6585693265338	0.145953045623958	99.2883846212069
393.012511443393	78.4456110665456	2.63943725322972	96.0908061776257	26.4470934904902	93.7610500611711	0.146403361902259	99.5947240720216
397.482834078973	79.3378910337271	2.67727422964208	97.4682913072075	26.8212615707606	95.0875622587454	0.145154911327913	98.7454328477356
394.857383543554	78.8138490106895	2.65833457981703	96.7787783369013	26.6088676294729	94.3345767191842	0.146250954532616	99.4910449643223
398.413986934724	79.5237498871705	2.68452001755156	97.7320799616874	26.8843463698158	95.3112124305285	0.144653305750368	98.4042025068506
394.473014419776	78.7371286267017	2.65193600662933	96.5458332061768	26.6317007684474	94.4155254664334	0.145663324819486	99.0912944505688
395.9	79.0219560878244	2.66335156965651	96.9614258302906	26.7087078651685	94.6885333965235	0.145479024866667	98.9659195772805
393.271004009064	78.4972063890347	2.64271282547732	96.2100559827045	26.4741733690795	93.857054480446	0.146284286107625	99.5137196418216
396.792353080009	79.2000704750518	2.67033652389739	97.2157186282339	26.6297025987428	94.4084414936799	0.145532525104827	99.0023145164959
393.769582796463	78.5967231130665	2.6443588200599	96.2699797206947	26.5489560835133	94.1221764619695	0.146359397171479	99.5648159116213
396.612924748606	79.1642564368475	2.66999530360974	97.2032962330873	26.8245133245133	95.0990904762604	0.145473152101687	98.9619244749816
394.219215580686	78.6864701757856	2.65031892443016	96.4869620464312	26.4537448933273	93.7846308192838	0.14610983577635	99.3950452317404
393.635357189557	78.5699315747618	2.64413502423493	96.2618322562251	26.3289216557115	93.342103634393	0.14659260759188	99.7234634123941
395.310825195538	78.9043563264548	2.6586530861543	96.7903738126732	26.7640291806958	94.8846602274916	0.145698352192955	99.1151227394158
394.686213070725	78.7796832476497	2.65284405091218	96.5788912783389	26.5869347648076	94.2568196521321	0.145973119707429	99.3020405426168
393.654948956946	78.5738421071749	2.64535647898729	96.306300285052	26.4169519005585	93.654191168585	0.146558551066993	99.7002955687398
399.149950759343	79.6706488541602	2.69320373372269	98.0482175347556	27.2323759791123	96.545057716089	0.144724457473276	98.4526053311997
400.279150457365	79.8960380154421	2.70180830644677	98.3614738278759	27.2784159613059	96.708280078381	0.144234399653607	98.1192306552696
394.984134990142	78.8391487006271	2.65722324985922	96.7383194885445	26.7589474652682	94.8666443735082	0.14548119989574	98.9673991978136
